===== Fitting Results =====
<ValueView Ysct=1399.97822098826 kB=0.006668545600084021 kC=0.9972400740940375 a=0.9797441933271208 b=0.08486261006503222 n=1.2973894896526268>
<ErrorView Ysct=1.938540572670263 kB=0.0001433798260988381 kC=0.2060821163849736 a=0.030876444126157032 b=0.0893065016287726 n=0.6485074968509454>
┌──────┬─────────────────────────────────────────────────────────────┐
│      │      Ysct        kB        kC         a         b         n │
├──────┼─────────────────────────────────────────────────────────────┤
│ Ysct │      3.76  0.000151    -0.198   0.00224   0.00382    0.0248 │
│   kB │  0.000151  2.07e-08  1.43e-05 -4.08e-07  1.38e-07 -5.62e-06 │
│   kC │    -0.198  1.43e-05    0.0451 -0.000892 -0.000231   -0.0116 │
│    a │   0.00224 -4.08e-07 -0.000892  0.000955 -0.000219  -0.00792 │
│    b │   0.00382  1.38e-07 -0.000231 -0.000219    0.0104   -0.0417 │
│    n │    0.0248 -5.62e-06   -0.0116  -0.00792   -0.0417      0.26 │
└──────┴─────────────────────────────────────────────────────────────┘
1399.97822098826 0.006668545600084021 0.9972400740940375 0.9797441933271208 0.08486261006503222 1.2973894896526268
